Insert 1808 30 95 116 173 265 272 352 381 385 391 425 484 578 584 659 751 840 858 878 895 985 999 0
AddRevenue 1808 69
Insert 1666 85 151 244 269 322 325 338 414 505 584 587 634 676 716 767 857 953 999 0
AddRevenue 1666 72
Insert 1932 40 116 153 241 293 386 391 402 499 500 566 576 593 626 721 817 888 944 946 982 999 0
AddRevenue 1932 48
Insert 450 54 82 92 172 270 299 380 426 466 481 555 643 734 814 822 878 958 999 0
AddRevenue 450 55
Insert 98 40 138 188 268 367 411 471 547 632 647 672 712 751 830 884 950 988 994 999 0
AddRevenue 98 65
Insert 1574 71 90 159 216 311 326 381 426 456 517 528 608 646 675 771 852 862 883 911 926 955 999 0
AddRevenue 1574 94
Insert 1225 52 137 213 279 373 414 463 505 593 601 647 741 822 833 881 958 987 999 0
AddRevenue 1225 14
Insert 1029 94 137 227 326 403 417 495 545 637 700 708 763 826 924 927 985 999 0
AddRevenue 1029 37
Insert 1831 20 96 141 162 250 301 308 352 423 487 585 681 736 832 865 927 977 999 0
AddRevenue 1831 34
Insert 74 5 78 156 190 235 257 319 322 326 399 419 463 472 490 574 596 626 673 734 770 834 882 960 975 999 0
AddRevenue 74 73
Insert 1789 26 36 111 173 220 258 294 333 353 375 450 546 594 608 663 675 715 722 739 803 868 935 968 999 0
AddRevenue 1789 73
Insert 509 17 48 49 104 113 120 128 178 222 268 347 390 431 515 527 540 569 582 660 745 789 798 829 836 916 988 999 0
AddRevenue 509 88
Insert 1336 5 77 174 261 335 419 460 469 555 598 672 735 771 855 949 999 0
AddRevenue 1336 41
Insert 301 82 104 157 200 290 359 380 420 510 543 623 632 679 744 842 888 987 999 0
AddRevenue 301 82
Insert 1411 73 129 174 269 300 373 427 444 471 566 604 612 634 694 781 834 840 884 910 993 994 999 0
AddRevenue 1411 91
Insert 1521 44 60 102 104 113 189 252 263 328 381 453 462 504 591 630 646 661 672 717 807 890 896 902 942 999 0
AddRevenue 1521 47
Insert 191 58 93 138 221 278 340 355 448 502 570 669 755 787 795 846 891 935 952 993 999 0
AddRevenue 191 53
Insert 789 72 161 165 228 275 363 456 501 574 628 695 703 722 817 905 973 999 0
AddRevenue 789 66
Insert 1995 70 110 126 160 243 335 388 455 522 594 598 609 656 672 767 842 884 928 964 992 999 0
AddRevenue 1995 43
Insert 552 43 96 99 179 225 242 321 363 412 493 538 614 673 768 861 873 967 992 999 0
AddRevenue 552 87
Insert 604 38 118 175 195 278 296 307 333 431 465 550 569 636 703 776 790 840 921 952 999 0
AddRevenue 604 61
Insert 728 92 173 238 300 371 373 423 470 505 551 622 639 737 814 899 945 965 999 0
AddRevenue 728 96
Insert 62 100 132 151 249 340 351 449 454 460 492 581 629 706 725 757 799 817 822 862 928 974 999 0
AddRevenue 62 50
Insert 1903 65 110 140 232 245 275 312 356 425 476 558 612 634 648 746 767 808 895 925 999 0
AddRevenue 1903 76
Insert 1797 72 157 213 305 346 347 417 421 512 555 632 726 803 836 868 921 992 999 0
AddRevenue 1797 18
Insert 1356 4 59 143 152 215 296 389 396 404 408 501 568 595 663 669 694 739 776 843 845 928 951 999 0
AddRevenue 1356 41
Insert 2000 34 89 174 210 286 353 392 399 444 480 540 553 638 664 726 784 854 886 904 908 934 995 996 999 0
AddRevenue 2000 83
Insert 1615 87 106 139 143 198 229 237 250 342 415 484 533 579 623 674 726 729 790 853 854 936 957 987 999 0
AddRevenue 1615 59
Insert 158 48 109 196 273 281 365 388 416 454 530 627 721 763 841 895 926 991 999 0
AddRevenue 158 89
Insert 211 24 48 126 209 276 323 339 423 449 524 569 570 667 711 715 757 852 946 968 999 0
AddRevenue 211 32
Insert 875 89 185 269 326 338 394 488 501 505 576 672 732 802 808 869 950 980 996 997 999 0
AddRevenue 875 62
Insert 1291 86 89 168 235 262 338 394 405 481 563 589 608 614 643 680 734 786 798 803 894 902 983 999 0
AddRevenue 1291 92
Insert 1186 54 109 163 204 215 252 306 345 355 425 499 544 565 591 643 691 783 794 883 927 999 0
AddRevenue 1186 45
Insert 153 93 96 170 225 292 323 407 413 477 552 625 702 731 807 874 939 981 999 0
AddRevenue 153 42
Insert 13 40 123 193 238 265 299 345 384 477 524 573 665 759 765 802 869 941 999 0
AddRevenue 13 45
Insert 1248 42 49 67 113 129 189 276 351 362 446 449 463 527 549 556 600 621 666 753 813 892 935 990 999 0
AddRevenue 1248 53
Insert 457 7 105 179 260 302 341 362 450 503 526 537 552 639 697 759 825 854 911 999 0
AddRevenue 457 12
Insert 1037 59 116 147 154 245 249 342 421 431 436 438 459 463 547 639 721 738 800 837 882 931 933 972 999 0
AddRevenue 1037 72
Insert 1667 5 21 93 111 202 242 330 385 386 481 516 566 616 661 696 716 774 780 866 872 875 901 981 999 0
AddRevenue 1667 71
Insert 1842 57 147 200 261 322 408 438 460 516 555 640 658 706 766 776 832 917 983 999 0
AddRevenue 1842 78
Insert 1417 48 114 122 148 186 284 341 344 355 398 408 472 505 506 554 620 709 749 817 865 934 992 999 0
AddRevenue 1417 27
Insert 1130 23 103 189 200 218 255 306 319 338 382 414 503 514 552 626 705 733 820 873 893 975 976 999 0
AddRevenue 1130 27
Insert 610 72 76 160 202 297 395 439 528 535 549 623 676 739 748 779 835 917 983 999 0
AddRevenue 610 24
Insert 780 62 90 111 204 284 349 375 389 401 493 546 591 663 679 686 750 837 914 969 999 0
AddRevenue 780 25
Insert 769 81 139 184 245 289 377 474 507 523 597 660 697 783 823 868 890 952 999 0
AddRevenue 769 58
Insert 359 68 123 181 257 341 407 487 568 622 657 668 674 743 841 927 955 999 0
AddRevenue 359 58
Insert 1522 86 88 168 252 267 339 358 446 449 516 526 611 705 761 858 865 908 964 999 0
AddRevenue 1522 68
Insert 68 44 75 171 232 316 404 452 532 620 701 757 852 928 963 999 0
AddRevenue 68 68
Insert 1226 92 163 199 287 300 352 378 462 502 552 617 699 773 819 913 999 0
AddRevenue 1226 15
Insert 621 49 81 125 156 158 254 294 363 439 500 508 549 574 578 593 643 685 730 807 900 955 964 986 999 0
AddRevenue 621 72
Insert 1465 26 116 174 222 269 334 365 446 485 583 622 694 778 874 894 971 986 999 0
AddRevenue 1465 82
Insert 530 95 112 116 131 149 221 275 345 430 484 519 530 604 677 688 689 767 768 866 887 986 999 0
AddRevenue 530 99
Insert 975 8 31 67 78 145 205 217 304 356 367 460 545 585 624 708 752 836 883 975 978 999 0
AddRevenue 975 18
Insert 1598 74 112 150 151 210 251 344 376 410 496 506 570 588 620 706 720 778 784 876 891 950 965 998 999 0
AddRevenue 1598 98
Insert 569 81 148 222 232 277 282 339 369 400 463 499 574 638 685 725 729 779 806 865 931 973 999 0
AddRevenue 569 31
Insert 1572 76 99 154 252 266 275 298 318 357 429 436 488 562 588 649 729 815 833 841 910 954 966 992 999 0
AddRevenue 1572 37
Insert 1755 95 177 255 259 317 410 505 519 600 632 700 743 773 812 816 821 839 908 961 999 0
AddRevenue 1755 59
Insert 1199 18 49 132 219 237 279 291 321 365 435 501 538 589 623 674 767 802 833 864 929 943 991 999 0
AddRevenue 1199 43
Insert 542 65 149 210 253 263 308 330 390 464 537 560 643 654 721 805 821 908 955 967 981 999 0
AddRevenue 542 63
Insert 1324 10 46 90 186 209 231 308 369 381 421 433 491 508 605 623 691 731 789 866 945 983 999 0
AddRevenue 1324 85
Insert 1346 47 97 106 119 170 179 268 350 430 452 521 541 578 609 707 749 814 817 841 906 944 999 0
AddRevenue 1346 65
Insert 787 88 130 172 202 251 330 399 458 506 580 625 714 747 820 848 855 897 940 999 0
AddRevenue 787 56
Insert 1189 77 121 204 245 249 279 348 349 445 492 541 626 652 703 762 848 862 934 999 0
AddRevenue 1189 80
Insert 356 43 86 165 167 203 296 310 403 479 545 600 642 692 726 777 871 944 999 0
AddRevenue 356 19
Insert 1250 2 49 122 146 149 150 214 282 379 465 540 612 619 689 696 789 801 810 824 914 917 973 977 999 0
AddRevenue 1250 29
Insert 1426 88 118 157 182 212 252 275 286 374 472 550 604 643 727 788 819 824 864 908 997 999 0
AddRevenue 1426 83
Insert 905 87 179 192 208 229 327 342 363 438 468 566 626 628 639 702 733 817 875 881 911 993 999 0
AddRevenue 905 73
Insert 764 21 54 111 202 211 273 346 382 475 549 595 649 658 738 817 893 972 999 0
AddRevenue 764 28
Insert 419 99 145 243 283 313 394 483 544 639 720 790 822 842 913 997 999 0
AddRevenue 419 92
Insert 1865 39 121 127 212 283 295 331 422 431 470 565 661 738 743 749 841 919 982 999 0
AddRevenue 1865 18
Insert 232 57 90 131 145 199 249 280 320 385 429 496 539 546 624 646 713 773 866 871 925 970 999 0
AddRevenue 232 46
Insert 294 38 78 171 244 285 342 432 441 521 540 610 707 732 828 861 866 886 966 977 999 0
AddRevenue 294 74
Insert 752 54 118 130 215 309 358 400 496 578 623 702 733 735 834 891 944 946 995 999 0
AddRevenue 752 20
Insert 1152 93 166 259 344 395 460 483 544 595 663 680 707 712 759 850 886 896 911 970 999 0
AddRevenue 1152 96
Insert 1093 17 94 173 216 292 330 366 445 496 508 576 659 710 778 825 889 897 964 975 999 0
AddRevenue 1093 81
Insert 1350 33 112 204 235 244 260 297 307 350 375 408 460 539 619 691 703 726 794 848 868 869 903 976 983 999 0
AddRevenue 1350 66
Insert 722 26 75 121 150 224 312 393 489 563 616 653 676 703 783 847 914 948 999 0
AddRevenue 722 78
Insert 1419 78 127 141 164 199 232 264 266 314 334 355 427 429 445 536 627 713 734 791 817 861 904 965 999 0
AddRevenue 1419 47
Insert 1028 91 153 228 267 350 413 427 515 567 591 607 684 769 799 816 899 972 999 0
AddRevenue 1028 99
Insert 582 18 20 56 79 140 163 197 231 284 317 340 367 372 450 547 592 655 673 685 691 727 765 844 864 944 985 999 0
AddRevenue 582 37
Insert 1109 52 79 124 211 280 377 450 526 537 546 620 662 759 819 854 859 927 999 0
AddRevenue 1109 63
Insert 1662 89 92 147 168 177 184 195 249 275 305 372 377 392 443 474 533 552 571 654 686 750 843 896 940 999 0
AddRevenue 1662 24
Insert 326 4 26 106 147 222 252 262 342 391 481 528 616 628 643 702 716 736 831 910 999 0
AddRevenue 326 37
Insert 287 17 97 191 224 323 345 407 424 455 474 511 584 646 742 767 789 877 974 999 0
AddRevenue 287 71
Insert 1529 50 78 153 236 265 267 332 400 413 454 517 558 565 639 735 810 832 874 886 971 999 0
AddRevenue 1529 16
Insert 382 81 156 198 263 291 328 413 457 459 531 618 678 717 795 846 912 993 999 0
AddRevenue 382 34
Insert 1547 32 76 97 150 246 335 433 447 473 481 482 561 566 657 735 769 801 877 905 986 999 0
AddRevenue 1547 55
Insert 1229 33 50 124 165 167 235 324 418 476 546 625 657 697 780 849 939 999 0
AddRevenue 1229 65
Insert 578 54 67 148 211 290 302 356 417 476 515 540 576 609 699 706 750 776 825 870 939 987 999 0
AddRevenue 578 29
Insert 1907 90 91 142 240 323 383 397 450 518 555 618 652 720 736 752 834 849 898 956 999 0
AddRevenue 1907 87
Insert 1880 7 100 166 224 310 332 431 479 483 527 618 683 778 779 828 881 882 932 960 999 0
AddRevenue 1880 39
Insert 237 14 65 158 204 262 336 348 349 396 427 437 503 599 693 717 812 862 897 989 999 0
AddRevenue 237 20
Insert 233 56 121 166 198 207 224 226 278 327 364 409 479 541 577 651 683 685 745 797 869 966 984 991 999 0
AddRevenue 233 67
Insert 1012 57 105 116 193 207 256 258 269 319 394 493 496 574 647 660 672 764 841 866 886 960 979 994 999 0
AddRevenue 1012 18
Insert 1933 73 162 208 237 264 353 448 533 551 646 669 720 754 802 877 923 999 0
AddRevenue 1933 20
Insert 162 46 95 121 146 191 195 259 338 356 388 421 519 544 574 665 730 764 775 796 828 871 879 972 981 999 0
AddRevenue 162 62
Insert 1016 26 102 119 133 143 144 195 244 258 304 399 419 435 518 574 647 671 737 818 886 957 999 0
AddRevenue 1016 82
Insert 1875 53 109 151 195 232 308 397 420 496 556 586 681 775 792 890 938 975 999 0
AddRevenue 1875 92
Insert 767 62 81 85 121 214 280 293 306 330 350 379 427 439 453 454 484 559 571 625 698 788 815 828 926 962 999 0
AddRevenue 767 27
Insert 749 97 171 239 276 310 351 427 523 578 665 693 717 759 826 914 975 999 0
AddRevenue 749 82
Insert 460 76 162 243 274 286 328 355 454 482 554 653 736 785 786 838 903 973 999 0
AddRevenue 460 33
Insert 448 69 116 194 209 233 273 333 428 497 504 541 603 658 727 823 888 913 999 0
AddRevenue 448 87
Insert 31 33 110 136 155 229 275 278 297 378 399 496 516 561 634 726 747 797 893 975 999 0
AddRevenue 31 43
Insert 1525 94 168 207 237 335 399 478 560 645 688 719 739 820 847 924 996 999 0
AddRevenue 1525 99
Insert 1997 18 60 73 141 154 206 226 274 319 412 436 533 576 604 678 713 752 754 764 781 819 844 849 878 887 911 935 999 0
AddRevenue 1997 90
Insert 1194 17 65 74 80 167 189 236 302 393 479 537 562 610 630 652 669 719 724 796 880 933 947 956 989 999 0
AddRevenue 1194 74
Insert 526 80 115 176 218 221 229 273 282 329 402 406 465 538 573 648 725 730 740 766 775 832 846 894 934 990 999 0
AddRevenue 526 80
Insert 298 60 98 184 208 305 325 407 449 534 602 655 671 705 791 877 971 999 0
AddRevenue 298 19
Insert 1313 70 143 242 339 432 505 531 616 617 639 732 738 777 833 854 914 918 930 962 999 0
AddRevenue 1313 74
Insert 1347 9 70 128 226 316 358 456 543 631 693 739 826 923 969 999 0
AddRevenue 1347 62
Insert 322 64 154 195 223 287 368 399 447 511 537 570 661 754 852 880 931 981 999 0
AddRevenue 322 74
Insert 1418 48 127 129 143 231 311 339 361 365 445 489 536 581 677 733 831 903 932 999 0
AddRevenue 1418 48
Insert 155 68 158 225 324 327 351 412 495 554 621 625 687 739 809 854 879 968 973 984 999 0
AddRevenue 155 11
Insert 1841 5 46 112 124 182 249 338 375 449 484 531 541 617 700 749 834 902 930 999 0
AddRevenue 1841 67
Insert 128 48 122 138 216 273 367 458 459 527 544 551 615 621 657 755 807 883 931 956 964 973 999 0
AddRevenue 128 49
Insert 318 59 126 216 280 318 416 497 566 582 648 675 693 726 732 782 793 835 917 948 982 985 999 0
AddRevenue 318 10
Insert 1484 78 92 155 213 256 277 313 324 374 404 466 523 570 624 627 693 736 768 770 855 927 968 970 999 0
AddRevenue 1484 98
Insert 1754 28 93 160 201 297 323 339 366 368 391 468 542 641 738 769 813 858 957 988 999 0
AddRevenue 1754 22
Insert 512 10 67 146 223 304 374 454 474 536 612 637 723 822 893 930 941 970 981 999 0
AddRevenue 512 71
Insert 1165 40 104 123 202 236 266 350 415 474 516 533 543 585 673 717 804 840 867 927 972 999 0
AddRevenue 1165 20
Insert 423 75 157 243 298 315 367 461 468 516 575 585 647 715 793 799 855 911 961 999 0
AddRevenue 423 62
Insert 329 63 160 235 296 311 401 476 505 562 589 626 647 717 764 839 862 910 986 999 0
AddRevenue 329 22
Insert 1326 12 100 164 200 243 263 329 400 471 566 659 707 768 803 887 947 999 0
AddRevenue 1326 46
Insert 664 2 7 46 56 119 148 176 251 328 370 412 480 492 577 606 702 709 800 846 871 949 966 970 999 0
AddRevenue 664 65
Insert 1756 38 125 187 236 268 343 356 377 398 494 554 578 621 640 674 733 766 821 876 936 999 0
AddRevenue 1756 54
Insert 1531 28 124 140 202 250 276 290 384 466 551 582 600 643 726 773 847 893 954 959 982 999 0
AddRevenue 1531 18
Insert 649 45 48 72 78 160 240 295 360 428 458 482 548 626 719 758 780 796 826 880 957 959 999 0
AddRevenue 649 55
Insert 681 54 90 94 139 221 305 377 378 392 397 413 467 474 523 608 624 673 708 791 885 959 969 989 999 0
AddRevenue 681 45
Insert 373 44 123 166 205 289 316 382 415 450 503 599 665 735 797 826 896 919 933 956 999 0
AddRevenue 373 25
Insert 1988 47 52 107 183 268 342 440 493 542 613 648 725 748 778 872 949 999 0
AddRevenue 1988 82
Insert 602 50 74 169 267 301 317 346 443 515 604 630 691 777 779 841 896 957 971 976 980 999 0
AddRevenue 602 19
Insert 805 67 77 136 150 189 267 353 419 517 533 567 662 689 772 827 885 981 999 0
AddRevenue 805 47
Insert 1286 41 69 127 194 237 243 256 297 319 418 452 501 548 579 583 654 655 720 808 866 885 981 999 0
AddRevenue 1286 25
Insert 816 63 93 139 179 244 307 345 416 492 570 617 664 734 741 790 877 972 999 0
AddRevenue 816 92
Insert 854 12 84 155 203 211 250 308 377 416 473 534 556 651 705 722 772 773 864 934 942 945 999 0
AddRevenue 854 29
Insert 1471 99 145 228 298 393 444 535 570 584 616 622 682 708 734 804 818 846 881 962 999 0
AddRevenue 1471 54
Insert 1825 23 71 101 160 254 271 348 426 437 476 523 617 684 769 809 884 945 999 0
AddRevenue 1825 16
Insert 1459 32 44 90 164 237 282 361 438 530 531 560 577 591 640 715 811 888 977 999 0
AddRevenue 1459 36
Insert 1683 58 94 140 181 186 201 233 278 289 296 387 392 473 527 572 582 618 656 675 745 841 908 915 949 960 993 999 0
AddRevenue 1683 61
Insert 1004 74 92 99 109 113 195 235 326 330 380 471 558 648 745 840 938 959 999 0
AddRevenue 1004 17
Insert 1383 11 66 154 166 194 235 285 361 453 475 493 517 563 626 697 791 871 912 915 968 999 0
AddRevenue 1383 35
Insert 1447 76 98 191 212 256 333 426 440 451 478 548 552 602 685 701 707 791 797 870 964 999 0
AddRevenue 1447 60
Insert 1818 17 32 45 94 137 228 298 339 415 507 536 588 649 718 804 839 854 926 972 986 999 0
AddRevenue 1818 84
Insert 1314 81 128 179 205 258 293 385 404 485 565 623 693 738 785 863 890 960 999 0
AddRevenue 1314 15
Insert 55 26 93 155 238 300 322 341 416 506 537 590 636 694 720 756 842 919 925 999 0
AddRevenue 55 52
Insert 504 4 41 64 149 164 202 300 393 422 485 533 588 658 716 792 875 902 963 999 0
AddRevenue 504 49
Insert 1254 5 83 90 150 229 297 347 445 540 627 662 718 726 743 773 821 876 879 886 948 959 971 999 0
AddRevenue 1254 42
Insert 1998 93 152 251 338 401 406 462 547 620 704 732 750 751 770 795 860 874 894 897 979 999 0
AddRevenue 1998 41
Insert 60 64 136 218 257 292 295 322 403 502 522 547 624 712 811 820 863 950 951 999 0
AddRevenue 60 17
Insert 508 18 20 47 49 84 96 170 247 256 312 323 353 396 474 546 617 710 740 776 782 847 904 909 920 935 938 985 999 0
AddRevenue 508 73
Insert 11 38 54 152 218 221 241 244 286 385 399 497 579 666 759 837 852 877 922 957 999 0
AddRevenue 11 38
Insert 631 17 55 145 218 296 315 335 376 447 546 575 587 634 687 739 763 844 893 911 971 999 0
AddRevenue 631 65
Insert 1637 9 74 125 180 228 243 297 385 444 487 553 556 589 608 631 722 758 816 841 928 956 999 0
AddRevenue 1637 76
Insert 1288 9 18 44 91 117 188 193 267 303 379 427 447 480 494 497 589 644 701 768 862 945 982 999 0
AddRevenue 1288 32
Insert 505 11 17 61 74 140 176 257 313 373 459 468 533 545 613 618 665 731 794 864 940 999 0
AddRevenue 505 81
Insert 886 43 124 164 244 316 409 411 485 562 630 708 710 711 789 872 915 937 999 0
AddRevenue 886 78
Insert 194 91 121 142 181 182 232 308 334 356 404 491 536 596 620 677 721 786 821 826 849 902 910 942 999 0
AddRevenue 194 85
Insert 185 82 141 180 193 234 251 289 311 389 421 444 517 551 646 666 721 753 786 867 919 976 999 0
AddRevenue 185 98
Insert 50 26 65 149 220 289 310 315 338 436 517 540 586 684 744 757 804 895 977 999 0
AddRevenue 50 35
Insert 1899 37 59 112 191 258 295 306 312 346 381 465 515 546 580 624 687 693 736 753 759 835 858 901 923 951 954 990 999 0
AddRevenue 1899 74
Insert 1852 78 97 146 241 285 350 444 475 507 567 652 675 697 746 814 825 834 838 883 907 976 999 0
AddRevenue 1852 75
Insert 1143 6 87 158 244 318 334 370 392 443 520 582 633 649 709 749 762 831 888 939 999 0
AddRevenue 1143 20
Insert 1910 43 84 153 249 267 357 371 461 516 573 599 692 703 704 778 821 902 904 947 999 0
AddRevenue 1910 52
Insert 490 73 125 143 175 225 261 327 342 359 405 477 523 544 562 644 730 765 792 847 866 900 988 999 0
AddRevenue 490 32
Insert 672 16 108 177 184 255 335 401 488 556 612 683 726 812 872 889 956 992 999 0
AddRevenue 672 94
Insert 1651 25 92 130 207 221 290 314 324 388 456 518 567 597 600 674 678 771 864 884 964 999 0
AddRevenue 1651 60
Insert 203 61 86 114 135 203 204 295 363 365 398 448 474 564 642 703 782 788 798 816 848 909 999 0
AddRevenue 203 92
Insert 757 3 89 136 212 302 313 405 416 448 450 508 509 601 638 711 744 811 906 913 997 999 0
AddRevenue 757 87
Insert 1517 97 169 193 199 256 286 333 336 380 445 452 486 507 567 647 721 775 870 906 999 0
AddRevenue 1517 71
Insert 1123 98 113 121 173 188 224 307 309 316 334 351 388 481 529 598 620 694 748 833 925 926 949 999 0
AddRevenue 1123 78
Insert 883 92 152 243 323 403 446 470 478 515 533 590 630 701 764 793 845 869 907 961 999 0
AddRevenue 883 29
Insert 1757 45 107 198 257 353 357 443 498 532 547 634 708 761 774 782 812 853 862 883 962 999 0
AddRevenue 1757 53
Insert 605 38 53 55 129 216 230 313 366 421 467 532 564 608 626 642 691 779 784 881 964 999 0
AddRevenue 605 99
Insert 901 85 131 147 232 279 343 394 427 486 493 499 594 604 611 642 669 708 758 775 815 819 851 945 968 999 0
AddRevenue 901 47
Insert 438 19 88 174 208 261 346 394 415 428 433 477 506 568 662 722 744 757 810 830 831 832 835 931 958 999 0
AddRevenue 438 30
Insert 1961 93 167 219 262 327 420 438 467 539 635 656 680 710 787 853 911 931 985 999 0
AddRevenue 1961 35
Insert 1283 55 106 165 189 206 289 375 432 435 481 501 563 661 720 785 791 811 815 868 961 999 0
AddRevenue 1283 76
Insert 1745 9 51 72 118 132 227 256 294 321 411 439 464 561 625 626 638 727 756 785 795 870 886 973 999 0
AddRevenue 1745 15
Insert 1975 39 62 68 107 158 245 261 344 415 428 455 467 541 593 682 728 734 794 878 922 999 0
AddRevenue 1975 68
Insert 173 96 188 202 238 275 314 342 412 413 436 535 563 634 657 713 736 765 863 932 941 999 0
AddRevenue 173 69
Insert 994 77 150 178 225 265 350 426 429 499 593 676 775 851 945 981 984 999 0
AddRevenue 994 16
Insert 1638 34 118 200 277 280 369 452 523 609 630 639 732 813 879 943 975 991 999 0
AddRevenue 1638 28
Insert 1744 37 70 100 118 188 244 297 303 377 423 483 532 541 628 630 650 657 729 827 901 970 999 0
AddRevenue 1744 18
Insert 680 8 41 48 117 150 233 265 342 421 461 551 622 713 755 823 837 934 940 999 0
AddRevenue 680 24
Insert 305 69 142 188 267 361 417 470 548 574 632 686 738 778 826 906 935 962 999 0
AddRevenue 305 32
Insert 1079 72 118 164 221 293 354 387 427 520 578 594 654 691 785 796 825 916 938 999 0
AddRevenue 1079 33
Insert 101 53 95 136 197 254 315 376 460 489 507 601 673 730 809 892 968 988 999 0
AddRevenue 101 64
Insert 1692 21 42 132 225 317 396 399 498 595 644 661 734 790 857 861 903 938 999 0
AddRevenue 1692 63
Insert 731 20 41 45 143 231 318 328 369 442 504 601 679 690 747 755 772 792 876 901 950 999 0
AddRevenue 731 13
Insert 1305 63 86 137 222 226 292 294 325 354 389 485 505 598 691 718 763 819 878 953 999 0
AddRevenue 1305 95
Insert 453 4 64 145 148 198 234 304 377 440 478 479 577 588 610 669 748 818 845 873 969 975 999 0
AddRevenue 453 90
Insert 1050 75 118 131 229 252 320 396 442 487 528 550 551 605 700 725 732 819 878 920 942 999 0
AddRevenue 1050 54
Insert 996 28 90 166 182 233 306 341 355 453 506 520 595 652 740 823 866 872 930 999 0
AddRevenue 996 80
Insert 1793 40 93 103 163 258 354 431 490 570 584 628 651 729 767 805 836 888 891 920 974 999 0
AddRevenue 1793 15
Insert 918 60 76 111 124 155 237 242 328 422 464 552 627 667 757 811 903 911 960 992 999 0
AddRevenue 918 17
Insert 165 43 114 116 166 180 207 263 327 418 451 545 593 673 688 702 744 781 866 907 929 985 995 999 0
AddRevenue 165 67
Insert 1437 14 79 154 165 263 305 339 417 488 537 621 677 767 845 880 921 980 999 0
AddRevenue 1437 69
Insert 1005 54 70 96 101 137 204 275 318 367 381 390 481 494 587 626 704 783 813 847 916 950 969 981 999 0
AddRevenue 1005 53
Insert 1733 5 72 143 194 247 327 374 403 436 481 536 552 628 690 778 822 843 924 985 999 0
AddRevenue 1733 64
Insert 589 35 120 133 175 179 207 285 337 419 438 528 602 648 712 746 812 818 830 836 878 935 947 995 999 0
AddRevenue 589 24
Find 322
AddRevenue 322 79
Find 322
Find 329
AddRevenue 329 34
Find 329
Find 457
AddRevenue 457 81
Find 457
Find 749
AddRevenue 749 21
Find 749
Find 816
AddRevenue 816 38
Find 816
Find 1225
AddRevenue 1225 60
Find 1225
Find 1522
AddRevenue 1522 50
Find 1522
Find 1637
AddRevenue 1637 24
Find 1637
Find 1651
AddRevenue 1651 58
Find 1651
Find 1797
AddRevenue 1797 13
Find 1797
Find 1842
AddRevenue 1842 61
Find 1842
Find 1903
AddRevenue 1903 70
Find 1903
Find 1997
AddRevenue 1997 65
Find 1997
Find 1998
AddRevenue 1998 94
Find 1998
Delete 2000
AddInterests 31 11 55 77 0
RemoveInterests 55 26 322 0
RemoveInterests 74 5 156 257 770 0
AddInterests 98 11 51 133 0
AddInterests 153 13 90 134 0
AddInterests 185 11 87 87 0
RemoveInterests 194 91 181 404 596 902 0
AddInterests 233 15 105 168 0
AddInterests 301 16 140 155 0
AddInterests 322 17 17 90 0
AddInterests 382 10 86 160 0
AddInterests 423 12 60 69 0
AddInterests 526 17 45 67 0
AddInterests 542 18 72 127 0
AddInterests 578 16 71 164 0
AddInterests 589 18 98 189 0
RemoveInterests 886 43 411 0
RemoveInterests 994 77 178 265 426 429 499 999 0
AddInterests 1050 13 31 119 0
RemoveInterests 1194 17 652 999 0
AddInterests 1326 13 134 189 0
AddInterests 1383 15 35 91 0
AddInterests 1426 10 91 141 0
RemoveInterests 1517 97 169 193 199 336 452 507 0
AddInterests 1651 10 82 99 0
RemoveInterests 1662 89 177 305 372 940 0
RemoveInterests 1667 5 385 516 0
AddInterests 1875 17 92 129 0
RemoveInterests 1880 7 881 0
AddInterests 1899 14 87 89 0
RemoveInterests 1975 39 68 467 593 728 734 878 922 0
RemoveInterests 1988 47 648 778 872 949 0
AddInterests 1997 114 194 285 0
Range 10 19
Range 50 59
Range 90 200
AddRevenue 31 19
AddRevenue 74 94
AddRevenue 155 36
AddRevenue 305 80
AddRevenue 326 85
AddRevenue 419 33
AddRevenue 423 60
AddRevenue 438 59
AddRevenue 460 40
AddRevenue 505 61
AddRevenue 509 74
AddRevenue 602 32
AddRevenue 605 98
AddRevenue 664 56
AddRevenue 681 88
AddRevenue 752 57
AddRevenue 757 17
AddRevenue 767 55
AddRevenue 816 43
AddRevenue 883 26
AddRevenue 994 65
AddRevenue 1028 20
AddRevenue 1029 83
AddRevenue 1199 63
AddRevenue 1324 95
AddRevenue 1326 71
AddRevenue 1347 56
AddRevenue 1426 59
AddRevenue 1459 44
AddRevenue 1471 77
AddRevenue 1525 10
AddRevenue 1531 12
AddRevenue 1757 41
AddRevenue 1818 79
AddRevenue 1825 54
AddRevenue 1865 48
AddRevenue 1903 15
AddRevenue 1961 13
AddRevenue 1988 96
AddRevenue 1997 84
AddRevenue 62 83
AddRevenue 158 85
AddRevenue 162 30
AddRevenue 173 40
AddRevenue 294 82
AddRevenue 305 77
AddRevenue 322 11
AddRevenue 356 47
AddRevenue 359 91
AddRevenue 373 20
AddRevenue 382 83
AddRevenue 453 31
AddRevenue 490 36
AddRevenue 508 14
AddRevenue 512 12
AddRevenue 589 73
AddRevenue 602 41
AddRevenue 604 35
AddRevenue 631 55
AddRevenue 680 30
AddRevenue 722 17
AddRevenue 731 40
AddRevenue 780 42
AddRevenue 787 38
AddRevenue 854 68
AddRevenue 901 83
AddRevenue 905 89
AddRevenue 994 57
AddRevenue 1037 70
AddRevenue 1050 79
AddRevenue 1093 64
AddRevenue 1123 78
AddRevenue 1152 70
AddRevenue 1283 99
AddRevenue 1286 73
AddRevenue 1291 52
AddRevenue 1305 93
AddRevenue 1313 45
AddRevenue 1324 37
AddRevenue 1383 57
AddRevenue 1419 29
AddRevenue 1465 62
AddRevenue 1471 16
AddRevenue 1757 62
AddRevenue 1797 72
AddRevenue 1818 35
AddRevenue 1841 87
AddRevenue 1907 21
AddRevenue 1910 34
AddRevenue 1961 93
AddRevenue 1998 40
AddRevenue 50 52
AddRevenue 155 60
AddRevenue 191 86
AddRevenue 298 31
AddRevenue 450 38
AddRevenue 504 45
AddRevenue 505 59
AddRevenue 526 65
AddRevenue 552 95
AddRevenue 569 80
AddRevenue 621 25
AddRevenue 681 76
AddRevenue 728 40
AddRevenue 731 29
AddRevenue 764 54
AddRevenue 767 22
AddRevenue 787 93
AddRevenue 854 60
AddRevenue 975 94
AddRevenue 1079 50
AddRevenue 1186 87
AddRevenue 1283 63
AddRevenue 1291 94
AddRevenue 1305 81
AddRevenue 1326 59
AddRevenue 1426 23
AddRevenue 1437 43
AddRevenue 1471 19
AddRevenue 1547 32
AddRevenue 1574 80
AddRevenue 1662 21
AddRevenue 1754 50
AddRevenue 1755 37
AddRevenue 1808 92
AddRevenue 1818 76
AddRevenue 1880 51
AddRevenue 50 76
AddRevenue 60 34
AddRevenue 74 82
AddRevenue 211 29
AddRevenue 294 97
AddRevenue 326 34
AddRevenue 419 88
AddRevenue 453 63
AddRevenue 460 17
AddRevenue 504 10
AddRevenue 505 90
AddRevenue 508 39
AddRevenue 542 58
AddRevenue 604 46
AddRevenue 610 29
AddRevenue 664 66
AddRevenue 994 48
AddRevenue 1016 24
AddRevenue 1079 69
AddRevenue 1152 88
AddRevenue 1226 67
AddRevenue 1286 10
AddRevenue 1314 21
AddRevenue 1347 46
AddRevenue 1437 62
AddRevenue 1522 66
AddRevenue 1574 60
AddRevenue 1638 98
AddRevenue 1692 20
AddRevenue 1797 39
AddRevenue 1808 78
AddRevenue 1880 20
AddRevenue 1932 39
AddRevenue 1961 14
AddRevenue 1998 76
AddRevenue 60 68
AddRevenue 62 15
AddRevenue 158 71
AddRevenue 162 48
AddRevenue 165 19
AddRevenue 173 68
AddRevenue 194 83
AddRevenue 318 16
AddRevenue 359 17
AddRevenue 419 43
AddRevenue 542 53
AddRevenue 605 31
AddRevenue 610 70
AddRevenue 757 16
AddRevenue 764 26
AddRevenue 769 24
AddRevenue 787 23
AddRevenue 816 92
AddRevenue 875 33
AddRevenue 883 54
AddRevenue 1005 65
AddRevenue 1037 32
AddRevenue 1050 69
AddRevenue 1093 26
AddRevenue 1186 94
AddRevenue 1199 25
AddRevenue 1226 21
AddRevenue 1288 27
AddRevenue 1313 26
AddRevenue 1347 17
AddRevenue 1417 23
AddRevenue 1418 64
AddRevenue 1484 24
AddRevenue 1525 34
AddRevenue 1598 33
AddRevenue 1615 21
AddRevenue 1666 12
AddRevenue 1667 61
AddRevenue 1755 53
AddRevenue 1842 52
AddRevenue 1865 71
AddRevenue 1907 97
AddRevenue 1933 34
AddRevenue 162 20
AddRevenue 211 17
AddRevenue 232 95
AddRevenue 326 85
AddRevenue 329 67
AddRevenue 419 11
AddRevenue 453 70
AddRevenue 569 47
AddRevenue 604 39
AddRevenue 672 40
AddRevenue 681 13
AddRevenue 749 88
AddRevenue 757 26
AddRevenue 789 34
AddRevenue 875 10
AddRevenue 883 56
AddRevenue 886 93
AddRevenue 918 72
AddRevenue 1254 98
AddRevenue 1286 71
AddRevenue 1419 99
AddRevenue 1426 46
AddRevenue 1447 82
AddRevenue 1517 30
AddRevenue 1547 36
AddRevenue 1666 85
AddRevenue 1667 32
AddRevenue 1756 61
AddRevenue 1841 77
AddRevenue 1852 86
AddRevenue 1865 20
AddRevenue 1899 12
AddRevenue 1903 98
AddRevenue 1907 28
AddRevenue 1932 43
AddRevenue 1961 85
AddRevenue 1995 38
AddRevenue 11 51
AddRevenue 13 27
AddRevenue 31 97
AddRevenue 55 37
AddRevenue 165 53
AddRevenue 294 54
AddRevenue 301 61
AddRevenue 318 90
AddRevenue 329 18
AddRevenue 419 65
AddRevenue 453 44
AddRevenue 621 56
AddRevenue 664 96
AddRevenue 722 30
AddRevenue 728 10
AddRevenue 764 90
AddRevenue 767 13
AddRevenue 780 70
AddRevenue 816 17
AddRevenue 875 84
AddRevenue 918 12
AddRevenue 996 83
AddRevenue 1012 64
AddRevenue 1016 91
AddRevenue 1050 20
AddRevenue 1079 14
AddRevenue 1109 39
AddRevenue 1130 80
AddRevenue 1250 34
AddRevenue 1283 83
AddRevenue 1324 76
AddRevenue 1419 37
AddRevenue 1426 58
AddRevenue 1459 25
AddRevenue 1615 91
AddRevenue 1683 79
AddRevenue 1692 41
AddRevenue 1745 51
AddRevenue 1789 73
AddRevenue 1841 48
AddRevenue 1865 42
AddRevenue 1903 56
AddRevenue 1995 12
AddRevenue 13 71
AddRevenue 74 33
AddRevenue 153 69
AddRevenue 162 99
AddRevenue 165 17
AddRevenue 203 92
AddRevenue 237 16
AddRevenue 298 25
AddRevenue 301 89
AddRevenue 305 89
AddRevenue 359 74
AddRevenue 423 30
AddRevenue 578 30
AddRevenue 604 44
AddRevenue 672 10
AddRevenue 767 51
AddRevenue 769 25
AddRevenue 1004 99
AddRevenue 1037 30
AddRevenue 1093 14
AddRevenue 1123 60
AddRevenue 1189 29
AddRevenue 1250 26
AddRevenue 1286 16
AddRevenue 1314 68
AddRevenue 1346 14
AddRevenue 1347 57
AddRevenue 1350 57
AddRevenue 1417 83
AddRevenue 1437 97
AddRevenue 1459 13
AddRevenue 1465 97
AddRevenue 1484 19
AddRevenue 1517 80
AddRevenue 1522 28
AddRevenue 1529 35
AddRevenue 1615 70
AddRevenue 1651 47
AddRevenue 1692 48
AddRevenue 1754 86
AddRevenue 1755 91
AddRevenue 1789 77
AddRevenue 1825 47
AddRevenue 1831 60
AddRevenue 1852 53
AddRevenue 1865 35
AddRevenue 1995 70
AddRevenue 1997 49
AddRevenue 62 74
AddRevenue 68 65
AddRevenue 165 93
AddRevenue 173 21
AddRevenue 185 39
AddRevenue 194 37
AddRevenue 287 63
AddRevenue 301 71
AddRevenue 373 41
AddRevenue 419 77
AddRevenue 504 65
AddRevenue 508 79
AddRevenue 509 59
AddRevenue 569 47
AddRevenue 589 34
AddRevenue 631 60
AddRevenue 681 80
AddRevenue 789 79
AddRevenue 905 57
AddRevenue 1005 47
AddRevenue 1194 35
AddRevenue 1226 48
AddRevenue 1286 44
AddRevenue 1288 90
AddRevenue 1313 87
AddRevenue 1324 37
AddRevenue 1336 61
AddRevenue 1426 29
AddRevenue 1529 75
AddRevenue 1547 88
AddRevenue 1615 17
AddRevenue 1637 85
AddRevenue 1756 39
AddRevenue 1818 85
AddRevenue 1825 60
AddRevenue 1842 80
AddRevenue 1880 48
AddRevenue 1995 89
AddRevenue 55 90
AddRevenue 101 88
AddRevenue 173 73
AddRevenue 294 34
AddRevenue 322 21
AddRevenue 359 24
AddRevenue 382 91
AddRevenue 423 35
AddRevenue 448 76
AddRevenue 508 57
AddRevenue 552 57
AddRevenue 569 33
AddRevenue 604 52
AddRevenue 672 66
AddRevenue 681 68
AddRevenue 767 27
AddRevenue 816 16
AddRevenue 1005 79
AddRevenue 1029 22
AddRevenue 1093 72
AddRevenue 1229 92
AddRevenue 1283 55
AddRevenue 1286 60
AddRevenue 1291 23
AddRevenue 1313 41
AddRevenue 1356 33
AddRevenue 1411 79
AddRevenue 1418 39
AddRevenue 1465 90
AddRevenue 1471 49
AddRevenue 1521 32
AddRevenue 1525 68
AddRevenue 1662 59
AddRevenue 1683 41
AddRevenue 1818 49
AddRevenue 1910 35
AddRevenue 1933 71
TopThree 2
TopThree 4
TopThree 5
TopThree 17
TopThree 48
TopThree 90
TopThree 93
TopThree 626
TopThree 999
TopThree 999
RemoveInterests 419 999 0
TopThree 999
RemoveInterests 1818 999 0
TopThree 999
RemoveInterests 1283 999 0
TopThree 999
RemoveInterests 681 999 0
TopThree 999
RemoveInterests 294 999 0
TopThree 999
RemoveInterests 1465 999 0
TopThree 999
RemoveInterests 1324 999 0
TopThree 999
RemoveInterests 1903 999 0
TopThree 999
RemoveInterests 301 999 0
TopThree 999
NumberPurchases 68
NumberPurchases 153
NumberPurchases 155
NumberPurchases 194
NumberPurchases 203
NumberPurchases 232
NumberPurchases 233
NumberPurchases 301
NumberPurchases 326
NumberPurchases 382
NumberPurchases 526
NumberPurchases 552
NumberPurchases 582
NumberPurchases 589
NumberPurchases 604
NumberPurchases 605
NumberPurchases 731
NumberPurchases 752
NumberPurchases 757
NumberPurchases 816
NumberPurchases 875
NumberPurchases 905
NumberPurchases 1004
NumberPurchases 1050
NumberPurchases 1093
NumberPurchases 1109
NumberPurchases 1123
NumberPurchases 1229
NumberPurchases 1411
NumberPurchases 1419
NumberPurchases 1465
NumberPurchases 1572
NumberPurchases 1574
NumberPurchases 1662
NumberPurchases 1666
NumberPurchases 1667
NumberPurchases 1692
NumberPurchases 1756
NumberPurchases 1789
NumberPurchases 1797
NumberPurchases 1808
NumberPurchases 1825
NumberPurchases 1842
NumberPurchases 1910
NumberPurchases 1932
NumberPurchases 1933
NumberPurchases 1975
End
________________________________________
Output:
939
