Insert 202 29 93 185 263 348 356 413 483 545 575 605 693 745 829 845 847 907 976 999 0
AddRevenue 202 64
Insert 468 32 127 171 220 250 268 305 391 409 482 576 584 659 660 704 769 843 933 949 974 984 999 0
AddRevenue 468 23
Insert 554 79 138 187 249 337 398 403 475 528 615 620 707 727 739 789 802 875 891 924 935 964 998 999 0
AddRevenue 554 94
Insert 140 9 72 86 157 249 265 298 344 376 447 489 556 579 650 712 806 899 944 999 0
AddRevenue 140 89
Insert 166 55 131 196 272 279 320 370 372 442 502 535 592 666 726 730 781 872 951 999 0
AddRevenue 166 33
Insert 112 62 100 181 266 334 368 369 431 464 535 613 642 644 679 722 760 816 841 850 945 999 0
AddRevenue 112 43
Insert 301 58 68 104 188 250 264 296 342 396 417 422 437 536 558 615 671 736 781 855 896 906 907 920 982 999 0
AddRevenue 301 87
Insert 455 23 67 127 193 205 255 307 395 436 496 578 640 661 743 767 795 865 955 999 0
AddRevenue 455 62
Insert 326 41 113 205 283 302 313 318 339 366 409 448 496 517 543 582 675 730 822 908 985 999 0
AddRevenue 326 87
Insert 530 8 24 123 132 212 219 231 316 324 363 402 428 495 545 551 600 692 716 759 761 857 913 926 999 0
AddRevenue 530 78
Insert 937 12 61 62 135 153 163 250 320 344 432 527 557 641 670 725 817 881 930 948 999 0
AddRevenue 937 79
Insert 840 20 72 160 224 262 318 389 434 438 471 558 618 672 685 769 777 783 842 882 902 992 999 0
AddRevenue 840 97
Insert 406 45 72 132 183 281 293 372 399 482 486 527 584 641 702 756 840 925 999 0
AddRevenue 406 22
Insert 875 34 100 171 191 274 325 381 434 531 598 613 625 636 653 684 765 788 806 811 831 849 897 909 972 975 999 0
AddRevenue 875 26
Insert 47 94 133 192 209 251 289 367 423 450 486 510 527 619 628 722 814 830 880 939 992 999 0
AddRevenue 47 80
Insert 704 50 130 213 306 327 355 401 463 507 597 653 748 843 893 918 964 996 999 0
AddRevenue 704 77
Insert 515 5 18 75 164 213 222 234 297 326 343 383 450 537 628 637 664 753 785 884 906 996 999 0
AddRevenue 515 87
Insert 551 96 102 129 227 229 253 260 309 395 439 537 631 646 737 810 875 930 956 987 999 0
AddRevenue 551 82
Insert 876 93 165 227 310 349 399 476 491 509 588 639 733 744 825 832 902 948 957 971 999 0
AddRevenue 876 37
Insert 916 57 69 164 205 216 248 301 395 453 489 530 617 645 702 705 750 769 859 908 952 999 0
AddRevenue 916 36
Insert 809 6 79 135 176 186 241 263 277 324 351 386 442 488 570 632 671 720 740 839 930 962 999 0
AddRevenue 809 91
Insert 258 7 94 157 240 279 287 376 448 544 577 627 647 727 752 759 770 809 891 938 999 0
AddRevenue 258 95
Insert 985 88 119 124 129 213 283 360 380 462 492 583 586 614 673 719 723 740 758 764 860 920 999 0
AddRevenue 985 69
Insert 499 48 94 185 250 301 340 355 391 419 496 524 549 599 675 702 778 821 905 964 985 998 999 0
AddRevenue 499 33
Insert 645 54 131 230 274 302 326 329 345 394 414 497 520 600 632 697 783 818 907 995 999 0
AddRevenue 645 87
Insert 207 79 104 167 186 243 271 352 374 427 518 523 576 578 637 726 797 882 917 981 999 0
AddRevenue 207 46
Insert 184 51 125 132 219 291 384 386 438 449 510 595 657 674 679 766 838 869 963 999 0
AddRevenue 184 40
Insert 275 24 68 72 102 123 148 154 163 222 309 393 418 467 500 532 601 651 724 793 804 887 974 994 999 0
AddRevenue 275 65
Insert 285 54 57 75 126 207 271 272 314 325 423 489 501 567 595 636 720 741 827 863 949 979 999 0
AddRevenue 285 24
Insert 14 71 96 184 208 279 339 385 439 475 486 538 581 675 734 830 858 899 945 999 0
AddRevenue 14 45
Insert 476 83 105 131 225 249 309 325 355 368 411 459 539 638 664 675 739 814 876 905 963 999 0
AddRevenue 476 22
Insert 574 4 42 89 106 137 223 314 375 411 459 545 572 634 674 712 723 813 832 929 966 999 0
AddRevenue 574 85
Insert 992 71 80 117 186 281 291 296 389 433 463 549 592 644 674 773 828 893 984 998 999 0
AddRevenue 992 43
Insert 354 87 139 176 214 273 326 353 438 461 492 508 524 593 690 741 779 808 898 941 992 999 0
AddRevenue 354 38
Insert 983 6 79 153 208 234 283 343 404 408 486 524 574 653 692 761 809 863 962 982 999 0
AddRevenue 983 55
Insert 966 83 110 146 205 287 302 348 383 414 447 470 522 600 667 703 783 817 823 846 875 966 968 987 988 999 0
AddRevenue 966 33
Insert 122 74 140 180 264 314 389 413 430 512 611 669 754 799 820 838 919 967 999 0
AddRevenue 122 61
Insert 728 72 165 181 193 238 315 356 451 464 563 660 673 713 797 815 853 884 972 999 0
AddRevenue 728 88
Insert 397 71 116 210 230 261 302 337 402 482 538 571 660 671 741 777 829 912 999 0
AddRevenue 397 86
Insert 928 22 38 81 175 210 295 338 387 395 456 551 562 584 634 701 788 791 833 930 985 999 0
AddRevenue 928 72
Insert 380 76 130 148 221 259 320 336 418 460 521 552 637 669 675 694 788 814 838 880 929 960 986 999 0
AddRevenue 380 25
Insert 717 7 25 97 115 153 169 210 261 317 413 481 537 633 726 823 920 975 999 0
AddRevenue 717 43
Insert 409 77 171 233 328 401 445 492 515 537 563 637 722 732 744 769 791 839 919 929 971 993 999 0
AddRevenue 409 19
Insert 826 91 115 116 117 167 241 307 382 473 502 569 658 698 738 802 873 934 936 943 955 987 999 0
AddRevenue 826 53
Insert 310 30 129 208 212 259 273 352 376 383 445 465 552 592 644 671 699 738 810 898 912 950 990 999 0
AddRevenue 310 37
Insert 537 80 110 207 266 294 365 424 514 533 580 623 631 685 694 727 821 829 856 885 888 976 980 999 0
AddRevenue 537 43
Insert 743 37 118 215 264 308 309 353 388 410 425 496 538 611 621 694 708 754 796 821 888 939 999 0
AddRevenue 743 98
Insert 12 93 94 185 259 315 335 428 434 533 580 604 634 698 794 855 872 918 999 0
AddRevenue 12 19
Insert 72 12 99 121 150 247 270 280 379 453 551 574 603 679 719 740 817 842 906 991 999 0
AddRevenue 72 10
Insert 845 3 94 120 125 200 229 296 309 321 365 393 466 558 565 575 608 629 704 712 752 803 841 935 971 982 999 0
AddRevenue 845 29
Insert 386 28 63 138 212 284 345 409 471 491 498 555 648 674 734 740 763 831 840 858 945 951 999 0
AddRevenue 386 38
Insert 232 88 124 143 241 270 353 386 449 487 543 572 580 663 752 803 814 893 953 999 0
AddRevenue 232 38
Insert 237 10 15 21 60 80 151 239 266 328 384 401 487 515 562 654 721 779 847 903 926 986 999 0
AddRevenue 237 48
Insert 612 77 106 195 276 300 380 400 479 522 621 627 671 744 805 873 923 999 0
AddRevenue 612 33
Insert 495 69 116 200 269 336 417 418 484 492 541 599 691 697 771 832 927 960 999 0
AddRevenue 495 15
Insert 70 33 74 78 116 210 264 361 364 373 455 554 613 691 707 722 792 889 940 990 999 0
AddRevenue 70 87
Insert 442 88 184 197 234 314 331 428 520 613 654 753 777 784 831 872 885 907 987 999 0
AddRevenue 442 73
Insert 862 90 163 252 306 403 497 530 605 647 713 744 827 909 935 971 999 0
AddRevenue 862 93
Insert 631 68 101 188 268 347 412 508 516 589 669 683 685 724 727 733 756 809 872 961 981 989 999 0
AddRevenue 631 11
Insert 470 35 74 95 166 178 214 265 354 382 462 489 506 567 663 713 716 743 764 785 847 877 946 999 0
AddRevenue 470 44
Insert 614 50 92 116 125 149 233 324 398 491 548 612 634 707 789 799 861 881 961 999 0
AddRevenue 614 70
Insert 585 29 98 147 203 242 322 370 386 442 445 502 507 546 644 682 708 743 772 785 829 852 869 956 999 0
AddRevenue 585 29
Insert 422 56 64 138 194 261 356 426 452 538 588 605 660 685 751 769 868 925 999 0
AddRevenue 422 11
Insert 491 46 82 125 137 188 272 293 350 441 536 615 682 736 815 824 864 911 991 999 0
AddRevenue 491 90
Insert 1 52 91 155 206 241 331 366 458 476 559 620 640 727 766 779 876 943 969 999 0
AddRevenue 1 22
Insert 687 81 129 187 255 332 394 413 423 438 499 565 589 661 721 737 776 796 813 872 955 999 0
AddRevenue 687 23
Insert 598 21 72 87 134 216 218 235 251 347 399 424 520 563 653 673 714 755 812 853 951 999 0
AddRevenue 598 19
Insert 849 6 36 82 178 205 225 301 335 387 467 495 499 514 532 547 638 688 763 843 896 920 922 966 999 0
AddRevenue 849 66
Insert 55 98 197 219 302 352 441 456 554 558 594 643 671 752 771 840 872 945 975 999 0
AddRevenue 55 66
Insert 492 13 16 33 68 158 181 250 334 337 390 487 510 587 589 661 672 721 723 781 804 864 878 961 999 0
AddRevenue 492 82
Insert 662 64 76 173 262 354 360 450 532 568 665 754 782 835 889 941 994 999 0
AddRevenue 662 57
Insert 982 24 30 105 166 173 187 267 356 380 466 520 579 660 756 794 866 938 999 0
AddRevenue 982 13
Insert 543 69 104 152 237 270 349 381 427 439 538 572 629 677 721 781 856 872 956 999 0
AddRevenue 543 60
Insert 19 33 71 82 135 233 236 278 309 346 403 434 506 551 640 701 724 811 845 902 999 0
AddRevenue 19 44
Insert 939 4 95 131 190 214 229 286 326 374 425 503 580 636 727 775 796 844 920 997 999 0
AddRevenue 939 38
Insert 163 75 101 173 206 219 286 367 441 494 586 649 734 812 877 902 967 999 0
AddRevenue 163 12
Insert 18 82 171 258 320 405 471 555 594 676 744 806 881 936 976 999 0
AddRevenue 18 49
Insert 493 19 63 98 168 190 208 254 349 396 481 527 578 671 767 845 874 948 959 999 0
AddRevenue 493 24
Insert 90 85 175 270 366 456 539 586 642 711 725 753 800 813 908 940 991 999 0
AddRevenue 90 28
Insert 998 73 85 103 187 202 275 292 369 405 479 533 548 647 741 799 828 847 917 924 956 999 0
AddRevenue 998 61
Insert 40 64 85 167 232 294 302 397 472 524 608 697 718 765 830 927 999 0
AddRevenue 40 23
Insert 575 30 43 126 141 180 271 323 327 390 437 509 523 606 691 715 768 835 912 933 988 999 0
AddRevenue 575 33
Insert 712 25 69 97 117 158 222 224 255 335 426 438 509 539 592 675 750 824 921 999 0
AddRevenue 712 75
Insert 226 51 54 120 122 123 158 198 203 267 290 384 457 551 649 696 730 826 885 950 956 999 0
AddRevenue 226 10
Insert 792 38 57 140 174 236 302 398 482 525 567 615 700 772 851 937 999 0
AddRevenue 792 14
Insert 76 81 122 183 220 269 327 414 475 566 654 728 748 828 926 999 0
AddRevenue 76 14
Insert 398 39 97 120 205 271 302 312 333 372 387 474 511 531 586 620 719 767 834 839 907 968 999 0
AddRevenue 398 68
Insert 756 48 123 203 217 311 407 503 585 646 715 735 751 767 839 866 924 979 999 0
AddRevenue 756 22
Insert 754 94 161 259 328 361 387 392 398 478 483 497 562 637 732 773 800 887 957 999 0
AddRevenue 754 51
Insert 563 91 173 242 304 367 376 417 471 501 600 637 660 687 777 870 897 936 966 974 999 0
AddRevenue 563 98
Insert 518 53 68 99 173 238 331 378 391 455 539 546 630 635 704 707 800 835 839 871 908 961 994 999 0
AddRevenue 518 16
Insert 732 56 134 187 209 305 319 412 421 444 538 549 627 665 742 796 833 924 999 0
AddRevenue 732 62
Insert 57 39 81 155 231 270 343 383 451 452 505 579 618 701 764 859 879 939 990 999 0
AddRevenue 57 95
Insert 433 14 109 203 213 251 311 397 432 517 589 592 675 718 806 879 935 938 999 0
AddRevenue 433 49
Insert 569 1 65 73 104 106 119 167 261 275 285 362 382 387 415 442 509 515 597 646 740 832 927 950 999 0
AddRevenue 569 27
Insert 512 85 102 189 212 288 384 439 534 543 637 675 706 743 775 825 917 988 998 999 0
AddRevenue 512 53
Insert 788 69 113 190 232 283 318 355 362 414 503 538 541 624 698 722 801 807 828 830 883 921 999 0
AddRevenue 788 17
Insert 846 56 93 105 148 184 234 243 249 297 304 393 418 500 585 619 656 685 732 817 903 981 999 0
AddRevenue 846 14
Insert 183 47 100 168 228 307 380 418 477 563 584 667 691 773 803 826 890 956 999 0
AddRevenue 183 86
Insert 158 19 66 118 176 241 291 340 400 409 476 523 571 583 628 698 734 809 820 830 881 893 913 999 0
AddRevenue 158 39
Find 14
AddRevenue 14 35
Find 14
Find 90
AddRevenue 90 34
Find 90
Find 551
AddRevenue 551 21
Find 551
Find 645
AddRevenue 645 71
Find 645
Find 809
AddRevenue 809 22
Find 809
Find 826
AddRevenue 826 85
Find 826
Find 876
AddRevenue 876 84
Find 876
Find 939
AddRevenue 939 18
Find 939
Delete 998
AddInterests 19 12 76 175 0
AddInterests 47 19 86 88 0
AddInterests 76 12 30 32 0
AddInterests 140 13 52 67 0
AddInterests 166 15 111 172 0
AddInterests 301 15 15 22 0
AddInterests 386 10 11 55 0
AddInterests 422 14 17 101 0
AddInterests 470 13 75 131 0
AddInterests 491 14 50 141 0
AddInterests 569 16 18 89 0
AddInterests 585 13 78 149 0
AddInterests 612 13 31 74 0
RemoveInterests 631 68 347 809 872 989 0
AddInterests 687 18 52 124 0
AddInterests 826 16 58 62 0
RemoveInterests 845 3 629 752 935 999 0
AddInterests 875 11 73 137 0
AddInterests 876 18 98 110 0
AddRevenue 18 79
AddRevenue 72 23
AddRevenue 163 87
AddRevenue 207 38
AddRevenue 226 59
AddRevenue 468 89
AddRevenue 551 38
AddRevenue 687 72
AddRevenue 826 36
AddRevenue 983 37
AddRevenue 985 44
AddRevenue 70 20
AddRevenue 72 52
AddRevenue 166 41
AddRevenue 380 40
AddRevenue 397 74
AddRevenue 470 45
AddRevenue 476 80
AddRevenue 493 10
AddRevenue 499 14
AddRevenue 551 49
AddRevenue 575 77
AddRevenue 662 84
AddRevenue 732 84
AddRevenue 809 35
AddRevenue 826 70
AddRevenue 846 24
AddRevenue 876 27
AddRevenue 928 33
AddRevenue 982 16
AddRevenue 985 84
AddRevenue 112 81
AddRevenue 122 79
AddRevenue 140 76
AddRevenue 163 21
AddRevenue 183 51
AddRevenue 275 61
AddRevenue 354 59
AddRevenue 406 88
AddRevenue 468 87
AddRevenue 470 45
AddRevenue 495 81
AddRevenue 512 96
AddRevenue 518 96
AddRevenue 543 47
AddRevenue 574 45
AddRevenue 631 58
AddRevenue 754 21
AddRevenue 849 74
AddRevenue 875 21
AddRevenue 876 86
AddRevenue 966 39
AddRevenue 985 15
AddRevenue 72 10
AddRevenue 112 69
AddRevenue 166 38
AddRevenue 226 50
AddRevenue 409 78
AddRevenue 433 55
AddRevenue 455 15
AddRevenue 492 70
AddRevenue 512 39
AddRevenue 530 24
AddRevenue 662 49
AddRevenue 743 47
AddRevenue 754 47
AddRevenue 756 17
AddRevenue 788 73
AddRevenue 826 61
AddRevenue 845 66
AddRevenue 876 73
AddRevenue 928 53
AddRevenue 992 37
AddRevenue 47 85
AddRevenue 76 59
AddRevenue 122 61
AddRevenue 285 33
AddRevenue 326 55
AddRevenue 354 35
AddRevenue 409 76
AddRevenue 455 34
AddRevenue 518 81
AddRevenue 543 28
AddRevenue 612 49
AddRevenue 645 53
AddRevenue 687 12
AddRevenue 728 79
AddRevenue 732 27
AddRevenue 840 94
AddRevenue 862 31
AddRevenue 982 82
AddRevenue 992 82
AddRevenue 12 34
AddRevenue 18 85
AddRevenue 19 40
AddRevenue 57 25
AddRevenue 70 51
AddRevenue 183 70
AddRevenue 207 44
AddRevenue 491 41
AddRevenue 492 58
AddRevenue 495 71
AddRevenue 537 63
AddRevenue 543 94
AddRevenue 575 87
AddRevenue 631 38
AddRevenue 645 59
AddRevenue 712 49
AddRevenue 732 74
AddRevenue 809 77
AddRevenue 875 12
AddRevenue 983 20
AddRevenue 47 66
AddRevenue 112 35
AddRevenue 163 31
AddRevenue 386 41
AddRevenue 433 67
AddRevenue 442 21
AddRevenue 492 30
AddRevenue 495 39
AddRevenue 499 68
AddRevenue 543 30
AddRevenue 554 58
AddRevenue 569 49
AddRevenue 585 34
AddRevenue 612 37
AddRevenue 614 55
AddRevenue 631 83
AddRevenue 704 32
AddRevenue 717 63
AddRevenue 743 20
AddRevenue 845 88
AddRevenue 876 55
AddRevenue 966 86
AddRevenue 47 51
AddRevenue 90 85
AddRevenue 285 62
AddRevenue 380 41
AddRevenue 409 23
AddRevenue 470 19
AddRevenue 493 38
AddRevenue 537 25
AddRevenue 551 35
AddRevenue 585 69
AddRevenue 612 20
AddRevenue 645 64
AddRevenue 662 49
AddRevenue 754 54
AddRevenue 756 54
AddRevenue 792 73
AddRevenue 809 96
AddRevenue 826 19
AddRevenue 928 35
AddRevenue 12 37
AddRevenue 57 30
AddRevenue 70 90
AddRevenue 122 82
AddRevenue 422 59
AddRevenue 468 39
AddRevenue 518 12
AddRevenue 551 61
AddRevenue 598 13
AddRevenue 614 49
AddRevenue 792 64
AddRevenue 849 27
AddRevenue 875 27
AddRevenue 916 15
AddRevenue 937 88
AddRevenue 966 59
AddRevenue 992 40
AddRevenue 70 69
AddRevenue 76 43
AddRevenue 184 73
AddRevenue 226 85
AddRevenue 310 33
AddRevenue 397 15
AddRevenue 406 61
AddRevenue 409 30
AddRevenue 442 95
AddRevenue 493 82
AddRevenue 554 71
AddRevenue 575 64
AddRevenue 585 84
AddRevenue 598 18
AddRevenue 631 97
AddRevenue 704 86
AddRevenue 717 93
AddRevenue 756 33
AddRevenue 840 22
AddRevenue 845 27
AddRevenue 983 41
AddRevenue 985 43
TopThree 4
TopThree 6
TopThree 68
TopThree 72
TopThree 302
TopThree 999
TopThree 999
RemoveInterests 876 999 0
TopThree 999
RemoveInterests 645 999 0
TopThree 999
RemoveInterests 826 999 0
TopThree 999
RemoveInterests 809 999 0
TopThree 999
RemoveInterests 70 999 0
TopThree 999
RemoveInterests 631 999 0
TopThree 999
RemoveInterests 551 999 0
TopThree 999
RemoveInterests 122 999 0
TopThree 999
RemoveInterests 47 999 0
TopThree 999
End
________________________________________
Output:
130
